+-----+-------------------------------------------------------------------------------------------------------------------------------------------------------------------------------------------------------------------------------------------------------------------------------------------------------------------------------------------------------------------------------------------------------------------------------------------------------------------------------------------------------------------------------------------------------------------------------+
|label|features                                                                                                                                                                                                                                                                                                                                                                                                                                                                                                                                                                       |
+-----+-------------------------------------------------------------------------------------------------------------------------------------------------------------------------------------------------------------------------------------------------------------------------------------------------------------------------------------------------------------------------------------------------------------------------------------------------------------------------------------------------------------------------------------------------------------------------------+
|1.0  |(26,[0,1,2,3,4,5,6,7,8,9,10,11,12,13,14,15,16,17,18,19,20,21,22,23,24,25],[68.20505732173348,102.62837087026045,48.637910941268935,78.53996259858525,22.5,66.42647058823529,55.35867414694962,90.84066455267366,-0.167465331216345,-0.103965646084747,0.064624845132939,-0.503886538096948,-0.367425899853149,-0.422029716110147,-0.132961471855773,-0.060928128844072,0.072621657865889,-0.214142937106673,-0.083560668108176,-0.155240279175707,-0.289743600990275,-0.007996812732949,-0.043037517240676,-0.034503859360572,-0.26678943693444,-0.283865231744973])           |
|3.0  |(26,[0,1,2,3,4,5,6,7,8,9,10,11,12,13,14,15,16,17,18,19,20,21,22,23,24,25],[103.82620722833605,134.3962354922124,76.10054723675506,99.23308677611402,46.15625,101.59375,108.66456190991642,158.9615130194239,-0.154094148332789,0.022769717015013,0.176245476343216,-0.384511350821105,-0.244929508326369,-0.403746183337983,-0.150508285409967,0.083738294460755,0.231331043680264,-0.138999480947444,0.01175471994571,-0.220175030642721,-0.24551186987366,-0.055085567337048,-0.060968577445742,-0.003585862922822,-0.183571152695261,-0.256684228272079])                   |
|3.0  |(26,[0,1,2,3,4,5,6,7,8,9,10,11,12,13,14,15,16,17,18,19,20,21,22,23,24,25],[105.03073343945145,108.47704175339783,78.67062568874739,86.79870209379209,29.266666666666666,71.2,104.38006611975021,109.98444961430145,-0.143494353421241,-0.003107133543594,0.140449840298333,-0.56415140362299,-0.45770982339824,-0.562029447986009,-0.111013990946924,0.006900107893004,0.117823844771543,-0.207466916138121,-0.098726773619522,-0.214060586859768,-0.356684487484869,0.02262599552679,-0.010007241436598,-0.032480362474317,-0.347968861126241,-0.358983049778718])            |
|3.0  |(26,[0,1,2,3,4,5,6,7,8,9,10,11,12,13,14,15,16,17,18,19,20,21,22,23,24,25],[111.80843060242297,119.29999446810865,89.85229850085744,95.12845051723184,34.333333333333336,82.13888888888889,112.99784256237207,123.92592797477458,-0.108876587916732,0.005290830826047,0.114101690736809,-0.530136596018833,-0.44706432094859,-0.53392982680546,-0.112725454650055,0.019019080944188,0.13146268819545,-0.184478314017267,-0.073276677316083,-0.202785898737545,-0.345658282001566,-0.017360997458641,-0.013728250118141,0.003848866733323,-0.331143928067915,-0.373787643632507])|
|1.0  |(26,[0,1,2,3,4,5,6,7,8,9,10,11,12,13,14,15,16,17,18,19,20,21,22,23,24,25],[73.59601867780782,82.45448513148193,53.76810027033669,54.4385598427132,25.8,105.82666666666667,55.36608503317768,56.94332759891865,-0.155678997909481,-0.141358842016759,0.0146423850455,-0.480864518655809,-0.351498906915129,-0.364266491615213,-0.204655578331608,-0.183009740489276,0.022488106583021,0.124134472898495,0.32064414685082,0.300321562879624,-0.604998991554304,-0.007845721537521,0.041650898472516,0.048976580422127,-0.664588054494837,-0.672143053765948])                    |
|0.0  |(26,[0,1,2,3,4,5,6,7,8,9,10,11,12,13,14,15,16,17,18,19,20,21,22,23,24,25],[94.79695599426492,78.9470056247932,56.56760780853645,46.74098378736076,48.029411764705884,118.41176470588235,82.54549465093196,48.71429359214735,-0.252564716769071,-0.06908363620081,0.186739324931412,-0.32744334931546,-0.081629439143358,-0.264339327009408,-0.256237863204439,-0.236819711361938,0.020672610870336,0.199964557009378,0.433966625275109,0.417035331434946,-0.527407906324838,0.166066714061076,0.167736075161127,0.003673146435368,-0.681374658444354,-0.515596064418467])      |
|0.0  |(26,[0,1,2,3,4,5,6,7,8,9,10,11,12,13,14,15,16,17,18,19,20,21,22,23,24,25],[25.763786599604813,42.93102209448536,19.516076881623857,29.064846416382252,0.0,0.0,21.0564038081552,31.84479971259206,-0.137979870910411,-0.100541726773273,0.037964820004693,0.0,0.0,0.0,-0.192596824858221,-0.148259452239735,0.04564060822687,0.0,0.0,0.0,0.0,-0.007675788222177,0.047717725466462,0.054616953947811,0.0,0.0])                                                                                                                                                                   |
|0.0  |(26,[0,1,2,3,4,5,6,7,8,9,10,11,12,13,14,15,16,17,18,19,20,21,22,23,24,25],[42.87471964114066,53.29061198333867,31.271066965716116,36.347805190644024,0.0,0.0,27.654597885293175,36.22124319128484,-0.156497802591948,-0.215798511734402,-0.061373411561278,0.0,0.0,0.0,-0.189012784103603,-0.190693945050677,-0.001744021758327,0.0,0.0,0.0,0.0,-0.059629389802951,-0.025104566683725,0.032514981511655,0.0,0.0])                                                                                                                                                              |
|1.0  |(26,[0,1,2,3,4,5,6,7,8,9,10,11,12,13,14,15,16,17,18,19,20,21,22,23,24,25],[81.87746208819941,85.18190691999303,56.66512114345477,55.36060658880948,23.381818181818183,98.52727272727273,69.35485445354715,66.5451978385916,-0.181982610376101,-0.082803781103198,0.100696205105393,-0.555729088744713,-0.415797321448968,-0.495737392395908,-0.212187042814741,-0.122830453471412,0.091747815473733,0.072643979102752,0.280507251970117,0.193745660793998,-0.628373067847465,0.008948389631661,0.040026672368215,0.03020443243864,-0.689483053189906,-0.696304573419086])      |
|3.0  |(26,[0,1,2,3,4,5,6,7,8,9,10,11,12,13,14,15,16,17,18,19,20,21,22,23,24,25],[59.20356622493582,81.5554707555679,44.43481579129952,62.06778602650385,0.777777777777778,69.14814814814815,53.59494900437105,79.27537639630889,-0.142502711315222,-0.049722438359788,0.093442366531885,-0.974066010333393,-0.96559464006021,-0.971390885695542,-0.135686135836857,-0.014176971642174,0.121743351958763,-0.082329294397016,0.053959621338519,-0.068231961740858,-0.891736715936377,-0.028300985426878,-0.035545466717613,-0.006816575478365,-0.903158923954684,-1.019554261398729])  |
|0.0  |(26,[0,1,2,3,4,5,6,7,8,9,10,11,12,13,14,15,16,17,18,19,20,21,22,23,24,25],[52.51179625834024,48.08761065806114,34.912258514674456,34.250577820417774,10.902439024390244,63.58536585365854,29.364659194976234,30.085604640006977,-0.201312302310396,-0.2827080988693,-0.08630779939943,-0.65615168342622,-0.524063690910801,-0.45849393144765,-0.168051217707565,-0.230283556195226,-0.064737648724694,0.138778025621722,0.299836511323125,0.357632263625548,-0.794929709047942,-0.021570150674736,-0.052424542674074,-0.033261084602832,-0.816126195073198,-0.823900202233925])|
|1.0  |(26,[0,1,2,3,4,5,6,7,8,9,10,11,12,13,14,15,16,17,18,19,20,21,22,23,24,25],[47.76118105419068,73.01049682841227,38.16662910132981,54.669575297034484,0.183333333333333,74.53333333333333,47.078178832469334,67.25285764883922,-0.11165828543164,-0.00720167473228,0.104540674642146,-0.992352270716458,-0.990438930226037,-0.992241749155627,-0.143647487239494,-0.041048777145187,0.103207277346499,0.010321248291112,0.153740796138935,0.051348270477268,-1.00267351900757,0.001333397295647,0.033847102412907,0.031989201807854,-1.043590019632895,-1.144179726364972])      |
|3.0  |(26,[0,1,2,3,4,5,6,7,8,9,10,11,12,13,14,15,16,17,18,19,20,21,22,23,24,25],[99.187391863715,123.21742602369017,78.94157313340136,98.06286322700856,35.02325581395349,87.04651162790698,105.89059935229137,130.85098265383078,-0.113658206741623,0.032686137838731,0.14580268065061,-0.478085287270675,-0.385367290286862,-0.502912530884428,-0.113677376696588,0.030045280599327,0.143233447940454,-0.172026239020205,-0.059512661677648,-0.20103246790569,-0.30605904825047,0.002569232710157,0.002640857239404,1.9169954965E-5,-0.301880062978737,-0.325854628609214])        |
|0.0  |(26,[0,1,2,3,4,5,6,7,8,9,10,11,12,13,14,15,16,17,18,19,20,21,22,23,24,25],[73.86629730294794,74.5157328036797,53.51385113945223,48.66328664018398,18.871794871794872,87.58974358974359,53.78449717750366,48.538260505958604,-0.15977722127321,-0.157318254125865,0.00252236909791,-0.593008774943623,-0.478576322469717,-0.480518635358104,-0.209877025163993,-0.211106292441518,-0.001286256627556,0.080651259148912,0.28569241274026,0.286873250975829,-0.673660034092536,0.003808625725465,0.053788038315653,0.050099803890783,-0.767391886333933,-0.764268735209977])      |
|3.0  |(26,[0,1,2,3,4,5,6,7,8,9,10,11,12,13,14,15,16,17,18,19,20,21,22,23,24,25],[106.51996216231255,99.75500097376401,81.5979745708483,75.29975238572183,45.0,86.67647058823529,105.47327713323874,102.06585426925966,-0.132480655615606,-0.004937350986059,0.127626785756247,-0.40601885906235,-0.289088152436174,-0.401887154220027,-0.139700568643354,0.011450022311683,0.150909200426914,-0.070151945248039,0.070236964374349,-0.081536474093152,-0.335866913814311,-0.023282414670667,-0.016387373297743,0.007219913027747,-0.320350680126875,-0.359325116810523])              |
|2.0  |(26,[0,1,2,3,4,5,6,7,8,9,10,11,12,13,14,15,16,17,18,19,20,21,22,23,24,25],[124.25771236630425,103.14545213471227,93.75232033943252,77.72642093167153,77.95652173913044,92.80434782608695,119.48749226553522,105.20737204985414,-0.139926551307145,-0.019570518763535,0.120686524770952,-0.228970976410258,-0.091991760057848,-0.210343021720696,-0.140536119696795,0.009896289734548,0.150223480693684,-0.05277425294996,0.088417632807566,-0.062637828869614,-0.176196723460297,-0.029536955922732,-0.029466808498083,6.09568389649E-4,-0.147705192851082,-0.180409392865414])|
|1.0  |(26,[0,1,2,3,4,5,6,7,8,9,10,11,12,13,14,15,16,17,18,19,20,21,22,23,24,25],[103.66924125397547,103.24404990738475,80.55698458742529,79.07374270436515,38.666666666666664,94.9074074074074,102.53356865760318,96.9222381435012,-0.125455844090555,-0.005507551506496,0.120031228704448,-0.456684300798856,-0.351359126147555,-0.452314416079156,-0.13257239930768,-0.031582799608476,0.101414221808648,-0.042072072610263,0.091007932140178,-0.010503229207912,-0.414612228188593,0.0186170068958,0.026075248101979,0.007116555217124,-0.441811186871243,-0.442367058287733])    |
|1.0  |(26,[0,1,2,3,4,5,6,7,8,9,10,11,12,13,14,15,16,17,18,19,20,21,22,23,24,25],[44.39873470407059,75.29601265295929,30.893365520685922,54.65770415383335,10.521739130434783,80.78260869565217,46.482227586780986,61.52118538250229,-0.179372990566997,0.02292551520353,0.201470017094973,-0.61683727776492,-0.491888806315014,-0.63084186114167,-0.158812760467711,-0.100680524584977,0.059076836214055,0.035152771054008,0.192888690170491,0.135354249954652,-0.651990048818928,0.142393180880918,0.123606039788508,-0.020560230099286,-0.766196111096322,-0.684777496485505])     |
|1.0  |(26,[0,1,2,3,4,5,6,7,8,9,10,11,12,13,14,15,16,17,18,19,20,21,22,23,24,25],[132.57310771676794,76.54920220316848,105.45795241610357,47.744193969678044,58.24324324324324,99.32432432432432,121.31503037874056,55.292714780534894,-0.113914357586478,-0.0443426676901,0.069924899197461,-0.389536138279375,-0.288420063046525,-0.351260823927722,-0.231750109985194,-0.161227080953784,0.073260357889388,0.129497159526142,0.350721765289926,0.284778506940155,-0.519033297805517,-0.003335458691928,0.116884413263684,0.117835752398716,-0.636039330867877,-0.639141828336451]) |
|1.0  |(26,[0,1,2,3,4,5,6,7,8,9,10,11,12,13,14,15,16,17,18,19,20,21,22,23,24,25],[81.52236869323204,99.73183895293077,56.41521710513944,71.03975402899749,25.742574257425744,103.54455445544555,71.39361001936928,87.4700904526393,-0.182018203688099,-0.066237411937828,0.11719372793898,-0.520018870111786,-0.373338211008549,-0.469969415638752,-0.168014389412937,-0.065500118183753,0.103654990498368,0.018756312223895,0.186183974428289,0.084153044969621,-0.538775182335681,0.013538737440613,-7.37293754075E-4,-0.014003814275162,-0.554122460608373,-0.559522185436838])    |
+-----+-------------------------------------------------------------------------------------------------------------------------------------------------------------------------------------------------------------------------------------------------------------------------------------------------------------------------------------------------------------------------------------------------------------------------------------------------------------------------------------------------------------------------------------------------------------------------------+
only showing top 20 rows

None
***Starting 10-fold validation for estimator Multi-Layer Perceptron***
Cross validation finished in 607.6344316005707 seconds.
Avg cross-val metric [0.7369584508601018]
Saving to filepath model/mlp_model.
------Classification report-----
Accuracy: 75.76%
Error rate: 24.24%
Weighted precision: 73.56%
Weighted recall: 75.76%
F1-score: 74.40%

